Pseudulum

890
893
901
905
912
915
929

954. 955
962

973

975

988

989

1005. 1006
1007

1010

288.-

m Pueudulus
156 1V3
128 1051
153 1v3
1131q. 1052
90 1060
164 1063
169 1065
150 1129
92 1142
144 1184·
112111. 1187
137 1191

156 1205-1207

101 1222
46. 69 1234
156 1236
59ιι. 158 178
141 1283
82155 1284
156 1317
166 floenulus
102 216

¹4⁰⁸q· 273-230
¹⁷⁰ 283-236
¹54 231
91 301-333
9⁹ 313
¹⁰¹ 313

(ι

32 3135

100101 638
101 650
47 695
96 701

141 sq. 708

m Poenulus
116 746
178 852
113 sq. 332
111. 169 872
102 874
99 875

92 910

ᾞ· 917—932
⁷⁰ 333-323

⁶⁶ 1363
⁶³1⁸ss 1332

99 de titulis
145 14
156 20
88 269
67 313
66 321
65 338
57 841
37 847
177 sq. 369
101 386

108

71

92

152

92

84

91

19

94. 156
67
755. 176

 

