161

'Pmoulentus Μ· Truculentus Μ· Truculentun Μ·
224 177 271 22 366 100
226 70 278 73 369 81
226-227 16 276 102 371 100
230 87 281 147 374 61
231 80. 63 286 164 376 62
232 68 287 74. 83 378 31. 160
234 178 294 64 380 90
239 164 sq. 296 83 381 90146
246 29611. 800 96169 382 96178
246 ’ 69 304 147 386 149
246-250 12-14. 30 306 96 388 163169
262 14 sq. 306 76171176 390 137
266 103 908 166 464 80
269 37 sqq. 310 100 Π7 109
261 47. 69. 76. 146 310-812 46 677 109
262 93 312 76176 679 76
363 6186 363 171 914 116
267 70. 96. 146 362 101 Vidularia

268 6116116. 369 30. 67. 160 Π 29 84

 

