Stichus
V 4

190

σ--ι----.- -

989 Trinummus
107 825 171 681
54 328 20. 25. 69 720

m· Trinummus

m.

100
152

151 sq. 748 45 sq. 69. 102

152 744
101 747

101
25

21161175,ι 156, 748-756 10. 25-27

mmm
mm

mfflm
70 801

mffi

4711· 887. 888

mm

73 IV2

mmm
fflmv
&affl
m
mml
mfflm

176 sq. ¹188

163 Truculentus

101 111
86 125

98 180
60169 181
91 184
100 189
98164 190.
166 197
98 209

98

168 170
108

86

44

171

47 ιι.
107

100. 176 sq.

60

164 ’

54

166

86

164
156
156

61

100

86

149
147
86. 171
186
,101
61

99

19. 60
40 n. 80

, 99
157

160

41 n. 177
51. 69
101. 102
48. 91. 94
71

157

vmssl mmm

97 218

168

 

