- 182.--

Μ· Stichus
43 340. 341

89342
43345

ww
fflw
46 94 157 365
164 106 , 178 372
102 120 95 373
161 186

’ἓξὲἓὲἕ

ιε..
:⁶¹

ww ww
mm ww
mmm mm

ἕὲἓὲἷὲἓ

76 154
156 Ι3
144 158
150 162
156 163

178 180 99 455
wmae 4mm
139 197 68 493
126 202 5911. 504
143 206

w wae71fflm1w
Μ &ul ffiffi

709 157 256 92 537
713 96 261

725-730 128 271
734 156178 111
ne. 179 114 276

Rudens 277

573 , 164 280

795 172 297
s Stiohus

11 tit.

1 sqq.

4

8 . 71 314. 315 17 sq. 624

48-57 121. 130. 182 112 105.106.107.108 632
12 107 328 102 636
64 18 331 85 640
66 80 334

&mm

nm mm

ΜΨ

99171

m·
151
63. 81
99

&mmmffim

99

99

99

65

73

145

63 .

122. 130
177

40 sq. 106
70

108

171

lssffifflfflmm

ffifflmbmww
mm mmm

76 171 91 1112

20. 36
108

157

47. 87 ιι.1
64 sq.

99

108

19. 93
171

4711. 94
121. 130
80

108

72

81

81

171

124

10. 26

19

74

39 n.

171

41. 51. 69
3Qfflw
66. 67
136 sq.
108

 

