187

68 400 597 153
138 444 98 156
71 464 142 157
99 474 95 185
20. 61 475 160 189
71 480 84 191
61.100 488 10 194
68 490 178 211
531180 507 99 214
138 512 68 218
62170 516 95 220
70 518 99 223
152111. 521 138 13
147 530 84 229
116 583534 191q.60. 171 232
55 544 166 263
67 547. 548 135111. 276
145 553 96 298
18 555 132 301
62 615 174 306
56 IV 4111 108 307
87111 757 93 315
21 765 75 321
,67 767 80 330
54 781 99 361

V 2111. 109 372

103 919 44 375
108 1012 98 376

59 Pseudulus 37⁷
139 111611
551611. 34
156 24
20. 55166. 36
171 43

161. 166 111991qq. 61
211 83 869 128911. 390-392 31-36. 161

111-116 1166. 11 11 39⁷
116 111 66
116 161 66
661161 99 91
166 99
66 161
61 111
99 116
16. 66 19

166 166-116 6-11.16.16 161

61 111 166 661

161 gloriosus m· Mercator Μ· 2161511111

m
10. 24. 42. 51
120
148
69
28111.
10111.
16
4711.
102
159
,103
74
119
101
95
101
103

92

99
159
20. 33. 73
145
74
98
75
140
92
32
95
32
73
82
143
78

45. 69. 160
177

51. 69

94. 145
158

82

39 sq. 65. 91
178

161

99 sq. 65
178

 

